30 435
1 2 110880
1 3 110880
1 4 110880
1 5 110880
1 6 110880
1 7 110880
1 8 110880
1 9 110880
1 10 110880
1 11 110880
1 12 110880
1 13 110880
1 14 110880
1 15 110880
1 16 110880
16 17 110880
16 18 110880
16 19 110880
16 20 110880
16 21 110880
16 22 110880
16 23 110880
16 24 110880
16 25 110880
16 26 110880
16 27 110880
16 28 110880
16 29 110880
16 30 110880
2 3 131040
2 4 131040
2 5 131040
2 6 131040
2 7 131040
2 8 131040
2 9 131040
2 10 131040
2 11 131040
2 12 131040
2 13 131040
2 14 131040
2 15 131040
2 16 131040
2 17 131040
17 18 131040
17 19 131040
17 20 131040
17 21 131040
17 22 131040
17 23 131040
17 24 131040
17 25 131040
17 26 131040
17 27 131040
17 28 131040
17 29 131040
17 30 131040
17 1 131040
3 4 123552
3 5 123552
3 6 123552
3 7 123552
3 8 123552
3 9 123552
3 10 123552
3 11 123552
3 12 123552
3 13 123552
3 14 123552
3 15 123552
3 16 123552
3 17 123552
3 18 123552
18 19 123552
18 20 123552
18 21 123552
18 22 123552
18 23 123552
18 24 123552
18 25 123552
18 26 123552
18 27 123552
18 28 123552
18 29 123552
18 30 123552
18 1 123552
18 2 123552
4 5 102960
4 6 102960
4 7 102960
4 8 102960
4 9 102960
4 10 102960
4 11 102960
4 12 102960
4 13 102960
4 14 102960
4 15 102960
4 16 102960
4 17 102960
4 18 102960
4 19 102960
19 20 102960
19 21 102960
19 22 102960
19 23 102960
19 24 102960
19 25 102960
19 26 102960
19 27 102960
19 28 102960
19 29 102960
19 30 102960
19 1 102960
19 2 102960
19 3 102960
5 6 144144
5 7 144144
5 8 144144
5 9 144144
5 10 144144
5 11 144144
5 12 144144
5 13 144144
5 14 144144
5 15 144144
5 16 144144
5 17 144144
5 18 144144
5 19 144144
5 20 144144
20 21 144144
20 22 144144
20 23 144144
20 24 144144
20 25 144144
20 26 144144
20 27 144144
20 28 144144
20 29 144144
20 30 144144
20 1 144144
20 2 144144
20 3 144144
20 4 144144
6 7 108108
6 8 108108
6 9 108108
6 10 108108
6 11 108108
6 12 108108
6 13 108108
6 14 108108
6 15 108108
6 16 108108
6 17 108108
6 18 108108
6 19 108108
6 20 108108
6 21 108108
21 22 108108
21 23 108108
21 24 108108
21 25 108108
21 26 108108
21 27 108108
21 28 108108
21 29 108108
21 30 108108
21 1 108108
21 2 108108
21 3 108108
21 4 108108
21 5 108108
7 8 120120
7 9 120120
7 10 120120
7 11 120120
7 12 120120
7 13 120120
7 14 120120
7 15 120120
7 16 120120
7 17 120120
7 18 120120
7 19 120120
7 20 120120
7 21 120120
7 22 120120
22 23 120120
22 24 120120
22 25 120120
22 26 120120
22 27 120120
22 28 120120
22 29 120120
22 30 120120
22 1 120120
22 2 120120
22 3 120120
22 4 120120
22 5 120120
22 6 120120
8 9 128520
8 10 128520
8 11 128520
8 12 128520
8 13 128520
8 14 128520
8 15 128520
8 16 128520
8 17 128520
8 18 128520
8 19 128520
8 20 128520
8 21 128520
8 22 128520
8 23 128520
23 24 128520
23 25 128520
23 26 128520
23 27 128520
23 28 128520
23 29 128520
23 30 128520
23 1 128520
23 2 128520
23 3 128520
23 4 128520
23 5 128520
23 6 128520
23 7 128520
9 10 102816
9 11 102816
9 12 102816
9 13 102816
9 14 102816
9 15 102816
9 16 102816
9 17 102816
9 18 102816
9 19 102816
9 20 102816
9 21 102816
9 22 102816
9 23 102816
9 24 102816
24 25 102816
24 26 102816
24 27 102816
24 28 102816
24 29 102816
24 30 102816
24 1 102816
24 2 102816
24 3 102816
24 4 102816
24 5 102816
24 6 102816
24 7 102816
24 8 102816
10 11 134640
10 12 134640
10 13 134640
10 14 134640
10 15 134640
10 16 134640
10 17 134640
10 18 134640
10 19 134640
10 20 134640
10 21 134640
10 22 134640
10 23 134640
10 24 134640
10 25 134640
25 26 134640
25 27 134640
25 28 134640
25 29 134640
25 30 134640
25 1 134640
25 2 134640
25 3 134640
25 4 134640
25 5 134640
25 6 134640
25 7 134640
25 8 134640
25 9 134640
11 12 100980
11 13 100980
11 14 100980
11 15 100980
11 16 100980
11 17 100980
11 18 100980
11 19 100980
11 20 100980
11 21 100980
11 22 100980
11 23 100980
11 24 100980
11 25 100980
11 26 100980
26 27 100980
26 28 100980
26 29 100980
26 30 100980
26 1 100980
26 2 100980
26 3 100980
26 4 100980
26 5 100980
26 6 100980
26 7 100980
26 8 100980
26 9 100980
26 10 100980
12 13 125664
12 14 125664
12 15 125664
12 16 125664
12 17 125664
12 18 125664
12 19 125664
12 20 125664
12 21 125664
12 22 125664
12 23 125664
12 24 125664
12 25 125664
12 26 125664
12 27 125664
27 28 125664
27 29 125664
27 30 125664
27 1 125664
27 2 125664
27 3 125664
27 4 125664
27 5 125664
27 6 125664
27 7 125664
27 8 125664
27 9 125664
27 10 125664
27 11 125664
13 14 141372
13 15 141372
13 16 141372
13 17 141372
13 18 141372
13 19 141372
13 20 141372
13 21 141372
13 22 141372
13 23 141372
13 24 141372
13 25 141372
13 26 141372
13 27 141372
13 28 141372
28 29 141372
28 30 141372
28 1 141372
28 2 141372
28 3 141372
28 4 141372
28 5 141372
28 6 141372
28 7 141372
28 8 141372
28 9 141372
28 10 141372
28 11 141372
28 12 141372
14 15 104720
14 16 104720
14 17 104720
14 18 104720
14 19 104720
14 20 104720
14 21 104720
14 22 104720
14 23 104720
14 24 104720
14 25 104720
14 26 104720
14 27 104720
14 28 104720
14 29 104720
29 30 104720
29 1 104720
29 2 104720
29 3 104720
29 4 104720
29 5 104720
29 6 104720
29 7 104720
29 8 104720
29 9 104720
29 10 104720
29 11 104720
29 12 104720
29 13 104720
15 16 119340
15 17 119340
15 18 119340
15 19 119340
15 20 119340
15 21 119340
15 22 119340
15 23 119340
15 24 119340
15 25 119340
15 26 119340
15 27 119340
15 28 119340
15 29 119340
15 30 119340
30 1 119340
30 2 119340
30 3 119340
30 4 119340
30 5 119340
30 6 119340
30 7 119340
30 8 119340
30 9 119340
30 10 119340
30 11 119340
30 12 119340
30 13 119340
30 14 119340
